start=175.017000
volume=130.000000
sid=no
